Game 1: Did NOT reach 2048
[[   2   16    2    4]
 [   4   32 1024   32]
 [  16  256  128    4]
 [   2  512   32   16]]

Game 2: Did NOT reach 2048
[[  32    2    8    2]
 [1024  512  128    4]
 [  64  256   64    8]
 [   8   16    8    4]]

Game 3: Did NOT reach 2048
[[   4   32   16    4]
 [  16 1024   64    2]
 [ 128  256   16    8]
 [  32    8    2    4]]

Game 4: Did NOT reach 2048
[[   4    2    8   16]
 [   8   16   64    4]
 [  32  256  512 1024]
 [   2    4   16    4]]

Game 5: Did NOT reach 2048
[[   8    4   32    8]
 [   2   16  128   64]
 [   4   64  512 1024]
 [   2   16    2    8]]

Game 6: Reached 2048!
[[   4   16  256    2]
 [  64  512  128    4]
 [  32 2048  256   32]
 [   8   16    4    2]]

Game 7: Did NOT reach 2048
[[ 32  16   4   2]
 [128 256   8   4]
 [512  64  32   2]
 [128  32  16   4]]

Game 8: Did NOT reach 2048
[[   4    8   32    2]
 [   8   64  256    4]
 [   4    8  128    8]
 [   2    4   64 1024]]

Game 9: Did NOT reach 2048
[[  16    8   16    2]
 [  32   16   32    8]
 [   8  256   64    2]
 [   2 1024   16    4]]

Game 10: Did NOT reach 2048
[[   2    4   16    2]
 [   8  128  512    8]
 [   2   64 1024   32]
 [ 256    8  128    8]]

Game 11: Did NOT reach 2048
[[   8   16    8    2]
 [  64  128   32    4]
 [  32  256   64    8]
 [   8 1024    4   16]]

Game 12: Did NOT reach 2048
[[ 16   4  16   4]
 [ 64 128  32   2]
 [ 32 256  16   8]
 [ 16 128   8   4]]

Game 13: Did NOT reach 2048
[[   8    4   16    2]
 [  64  256   32    4]
 [   8  512   64    2]
 [ 128 1024    8   16]]

Game 14: Did NOT reach 2048
[[  4   8  32  16]
 [  2  16 128   4]
 [  4  32  64 256]
 [  2  16   8   2]]

Game 15: Did NOT reach 2048
[[   4    2    4    2]
 [   8   32   64    8]
 [  32   64 1024    4]
 [ 256  128   16    8]]

Game 16: Did NOT reach 2048
[[  4  32 256   4]
 [  2   8 128 512]
 [  8  16  64  32]
 [  2   8   2   4]]

Game 17: Did NOT reach 2048
[[  2   4   2   4]
 [ 32  16  64  16]
 [  4 128 512  32]
 [ 64  16 256   4]]

Game 18: Did NOT reach 2048
[[  2  16   8   4]
 [  4  64 128  32]
 [ 16  32 512 256]
 [  2   4   2   4]]

Game 19: Did NOT reach 2048
[[   8    4    2    4]
 [   2   16  128   16]
 [   4   32  256    4]
 [   8  128 1024    8]]

Game 20: Did NOT reach 2048
[[  2   4  32  16]
 [  4 128 256  64]
 [ 16  64 512   4]
 [  4  16  32   2]]

Game 21: Did NOT reach 2048
[[ 128  256 1024  128]
 [  16   64  128   64]
 [   8   32   16    4]
 [   2    4    8    2]]

Game 22: Reached 2048!
[[  64  128 2048    8]
 [  16   32  128  256]
 [   8   16   64   16]
 [   2    4    2    8]]

Game 23: Did NOT reach 2048
[[   4   32    8 1024]
 [  32  256   64    8]
 [   8   32   16    4]
 [   2    4    8    2]]

Game 24: Did NOT reach 2048
[[   4   16   32    4]
 [   2  256  512   16]
 [   4   16    8 1024]
 [   8    4    2    8]]

Game 25: Did NOT reach 2048
[[   4 1024  512  128]
 [  64  128  256   64]
 [   8   16   32   16]
 [   2    4    8    2]]

Game 26: Did NOT reach 2048
[[ 16  64 512 256]
 [  2  32 128  32]
 [  8  16  64  16]
 [  4   2   4   2]]

Game 27: Did NOT reach 2048
[[  2   4   2   4]
 [  4   8  32   8]
 [ 32  16 256   4]
 [512 128   4   8]]

Game 28: Did NOT reach 2048
[[  4  16 128   4]
 [  2 256 512   2]
 [128  32   8   4]
 [  8   2   4   2]]

Game 29: Did NOT reach 2048
[[  4  32  16   8]
 [512  64 256   4]
 [ 32 128  16   2]
 [  2   4   8   4]]

Game 30: Reached 2048!
[[   2   16    4    2]
 [   4    8   32  512]
 [  64   16   64    8]
 [   4   32  128 2048]]

Game 31: Reached 2048!
[[   4   16    4    2]
 [   8   32    8   64]
 [   2  128  512    8]
 [  16   32 2048    4]]

Game 32: Reached 2048!
[[   4    8    4    2]
 [  32  256  512   16]
 [  16  128   16    2]
 [   4 2048    2    8]]

Game 33: Did NOT reach 2048
[[   4    8  512 1024]
 [   2   32   64  256]
 [   8   16  256   32]
 [   2    4    8    4]]

Game 34: Reached 2048!
[[   2   16  128   16]
 [   4  256 2048    4]
 [   8   16   32    2]
 [   2    4    2    8]]

Game 35: Did NOT reach 2048
[[  4  32   4   2]
 [  2 512 128   8]
 [ 16  32 256  64]
 [  4   8 128  16]]

Game 36: Did NOT reach 2048
[[  2   4  16   2]
 [  8 128  32   4]
 [ 16  32 512   8]
 [  4   8 256  16]]

Game 37: Did NOT reach 2048
[[   2    4   16    2]
 [  64    8   32    4]
 [1024   32    2    8]
 [  32  256    4  128]]

Game 38: Did NOT reach 2048
[[   4   64    8    4]
 [   8  128   32    2]
 [  16   64  512    4]
 [   4    8 1024   16]]

Game 39: Did NOT reach 2048
[[   2    4   32   16]
 [  64    8  512 1024]
 [   2   16   64    4]
 [   4  128    8   16]]

Game 40: Did NOT reach 2048
[[   8   16   64    4]
 [   4  512  128    2]
 [  16 1024   64    8]
 [   2    8   32    2]]

Game 41: Did NOT reach 2048
[[   4  256   16    2]
 [  32  128 1024    4]
 [   4   64   32   16]
 [   2    4    8    2]]

Game 42: Did NOT reach 2048
[[   2   32    8    4]
 [ 512 1024   16    2]
 [ 128   64   32    8]
 [  32   16    4    2]]

Game 43: Did NOT reach 2048
[[  64    2    8    2]
 [  16  128   32    4]
 [  32  512 1024    2]
 [  16    4   16    4]]

Game 44: Did NOT reach 2048
[[   2    8   16    4]
 [   4   16   64  256]
 [   8   32  128    8]
 [   2   16 1024    4]]

Game 45: Did NOT reach 2048
[[   4    8   64   16]
 [   2   32  512 1024]
 [   4   64  128  256]
 [   2   32    4    2]]

Game 46: Did NOT reach 2048
[[   4  128   64    4]
 [   8  512   32   16]
 [  32  256 1024    4]
 [   2    4   16    2]]

Game 47: Did NOT reach 2048
[[   2   16   32    8]
 [   4   64  512   32]
 [   8   32  128 1024]
 [   2    4    8   16]]

Game 48: Did NOT reach 2048
[[  2   4   8   2]
 [ 16  32  16   4]
 [ 64 256 128   8]
 [  8 512  16   4]]

Game 49: Did NOT reach 2048
[[   4    2   32    4]
 [  64    8  128    2]
 [   2  512   64   16]
 [   4   16 1024    2]]

Game 50: Did NOT reach 2048
[[  2   4   2   4]
 [  8  32 128  16]
 [ 32  16  64   8]
 [  4  32 512  32]]

Game 51: Did NOT reach 2048
[[   2    8    2    4]
 [  16  128   64   16]
 [   2  512 1024   32]
 [   4   64    4  256]]

Game 52: Did NOT reach 2048
[[   2    8  512 1024]
 [   4   32  128   16]
 [ 128    8  256    8]
 [   2    4   32    4]]

Game 53: Reached 2048!
[[   8    2    8    4]
 [  64 2048   32    8]
 [ 128  512  128   64]
 [  32    8    4    2]]

Game 54: Did NOT reach 2048
[[   2    8 1024   16]
 [  64  128  256  128]
 [  16   32    4    8]
 [   4    2   16    2]]

Game 55: Did NOT reach 2048
[[   2    4   16    2]
 [   4   64   32    8]
 [   8   16  128    2]
 [1024   32  512   16]]

Game 56: Did NOT reach 2048
[[   4   16    4    2]
 [   8  256   64   32]
 [   4 1024  512    2]
 [   8    4   64    4]]

Game 57: Reached 2048!
[[   2   32 2048  512]
 [  16  128  256   64]
 [  32   16   32    8]
 [   4    8    2    4]]

Game 58: Did NOT reach 2048
[[  2 256  16   8]
 [  4 128 512  64]
 [ 32  16  32   8]
 [  4   2   4  64]]

Game 59: Did NOT reach 2048
[[  64 1024    4  512]
 [   2   32   64   16]
 [   8  128   32    4]
 [   2   64    8    2]]

Game 60: Reached 2048!
[[   2   32    8    2]
 [   8   64   16    4]
 [   2  128    8   64]
 [   4 2048    4   16]]

Game 61: Did NOT reach 2048
[[   4   64    8    4]
 [  16  128   32    2]
 [  32   64 1024    4]
 [   2    8   16    2]]

Game 62: Did NOT reach 2048
[[   4    2    4    2]
 [   8   64   32    4]
 [   2  256   16    2]
 [1024   64   32    8]]

Game 63: Did NOT reach 2048
[[  4  16   2   4]
 [  2  64 256   8]
 [  4  32 128  16]
 [  8   4   2   4]]

Game 64: Did NOT reach 2048
[[ 128  512 1024  256]
 [  16   64  128   64]
 [   4    8   32   16]
 [   2    4    8    2]]

Game 65: Did NOT reach 2048
[[ 256  512  128    8]
 [ 128 1024   64    4]
 [  16   64   32   16]
 [   2    4    2    4]]

Game 66: Did NOT reach 2048
[[   2    4   16    4]
 [   8   32  128   32]
 [  16    4   64 1024]
 [   2  512    2    4]]

Game 67: Did NOT reach 2048
[[   2   16    8    4]
 [1024   64  256   32]
 [ 256  512   16    4]
 [   2    4   32    2]]

Game 68: Reached 2048!
[[   2    8   16    2]
 [  64  256   64    8]
 [   4  128  512    2]
 [   2   32 2048    8]]

Game 69: Did NOT reach 2048
[[   4    8 1024  128]
 [  16   32  256   64]
 [   8   64   32    8]
 [  16    4    2    4]]

Game 70: Reached 2048!
[[2048  256    4    2]
 [1024  128   64    8]
 [ 256   64   32    4]
 [ 128   32    8    2]]

Game 71: Reached 2048!
[[  64   32    4    2]
 [ 512  128   16    4]
 [ 256   64   32    8]
 [2048   32   16    2]]

Game 72: Did NOT reach 2048
[[  2   4   8   2]
 [ 16 256  16   4]
 [  2  32  64   8]
 [  4  16 512  32]]

Game 73: Reached 2048!
[[  32  128    8    4]
 [   8   64  256 2048]
 [   4   16   32   16]
 [   2    8    4    2]]

Game 74: Did NOT reach 2048
[[  32  256 1024  256]
 [  16   64  128   64]
 [   8   16   32    4]
 [   2    4    8    2]]

Game 75: Did NOT reach 2048
[[ 16   8   2   4]
 [ 64 128  32  16]
 [ 32 512  64   2]
 [  8  32   8   4]]

Game 76: Did NOT reach 2048
[[   4    8    4    2]
 [  32   16  512    8]
 [1024   64  256    2]
 [   4    8    4    8]]

Game 77: Did NOT reach 2048
[[   2   32   16    2]
 [   8  128   64   32]
 [   2   32  512    8]
 [   4    8 1024    2]]

Game 78: Did NOT reach 2048
[[   4    8   32    8]
 [   2   16  256   64]
 [   4   32  128 1024]
 [  16   64    4    2]]

Game 79: Did NOT reach 2048
[[  4   8   2   4]
 [  8 128 256  32]
 [ 32  16 512  16]
 [  2   4   2   4]]

Game 80: Did NOT reach 2048
[[  8  16  64 128]
 [  2 128 256  16]
 [  8  32 512   8]
 [  2   4  16   4]]

Game 81: Did NOT reach 2048
[[1024    4    8    2]
 [  64   32   16    4]
 [   8    4    8    2]
 [   4    2   64   16]]

Game 82: Did NOT reach 2048
[[ 16   8   4   2]
 [ 32 256  32   8]
 [  4  32  64   2]
 [  2   8 128   4]]

Game 83: Did NOT reach 2048
[[   2    8   16    8]
 [   4   64  512 1024]
 [   8   16   32  256]
 [   2    4  128   64]]

Game 84: Did NOT reach 2048
[[   4    8   64   16]
 [   2   32  256 1024]
 [   4    8   64   16]
 [   2    4   32    4]]

Game 85: Reached 2048!
[[   4    2    4    2]
 [  16   32  128   32]
 [   8   64 2048  512]
 [   4  128    8    2]]

Game 86: Reached 2048!
[[   2    4    8    4]
 [  16  128   32    2]
 [   8   32  512    8]
 [  16  256   32 2048]]

Game 87: Reached 2048!
[[ 512   16    8    4]
 [2048   64   16    2]
 [  64  128   32    8]
 [1024   32   16    2]]

Game 88: Did NOT reach 2048
[[   2    8    2    4]
 [  32   16    8 1024]
 [   4  256  128    4]
 [   2    8   64    8]]

Game 89: Did NOT reach 2048
[[   2    8    2    4]
 [  32   64  256    8]
 [   2   16   32    4]
 [   4    8   64 1024]]

Game 90: Did NOT reach 2048
[[   2   16    8    2]
 [   4    8   32  256]
 [  32  128 1024    8]
 [   8   16  512    2]]

Game 91: Did NOT reach 2048
[[   2    8 1024    4]
 [   8  512  128   16]
 [   4   32   64  256]
 [   2    4    2    4]]

Game 92: Did NOT reach 2048
[[   8   64   16    8]
 [  32  512   32    2]
 [  16  128 1024    4]
 [   8    2   16    2]]

Game 93: Did NOT reach 2048
[[  2 128  64   4]
 [  4 256 512  32]
 [ 32  64  16   8]
 [  2   4   8   4]]

Game 94: Did NOT reach 2048
[[   4   16    8   16]
 [   2   32   64    4]
 [  16   64  256 1024]
 [   2    4    2   16]]

Game 95: Did NOT reach 2048
[[   2    8  256  128]
 [   4  256 1024   64]
 [  16    8   32   16]
 [   2    4   16    8]]

Game 96: Did NOT reach 2048
[[  16    8    4    2]
 [  32   64   32  128]
 [   8  256 1024    2]
 [   4   32    8    4]]

Game 97: Did NOT reach 2048
[[  4  64  16   2]
 [  2 128 512  32]
 [ 32 256  64   4]
 [  4  16   8   2]]

Game 98: Did NOT reach 2048
[[   2    8    2    8]
 [   4  256   64   16]
 [   2  512  128    4]
 [   8   32   64 1024]]

Game 99: Reached 2048!
[[   2    8   16    2]
 [  64  512   32    8]
 [2048  128   64   16]
 [   4   64   32    4]]

Game 100: Did NOT reach 2048
[[   2    4    8    4]
 [   8   16 1024  512]
 [   4   32   64    4]
 [   2   16    8   16]]


Out of 100 games:
 - 17 games reached 2048
 - Success rate: 17.00%
